4444444444444444444444444444444444444444444444444444444444444444
4444444444444444444444444444444444444444444444444444444444444444
4444444444444444444444444444444444444444444444444444444444444444
4444444444444444444444444444444444444444444444444444444444444444
444444444444444444444444444444FFF4444444444444444444444444444444
444444444444444444444444444444FFF4444444444444444444444444444444
444444444444444444444444444444FFF4444444444444444444444444444444
4444444444444444444444444444444444444444444444444444444444444444
4444444444444444444444444444444444444444444444444444444444444444
4444444444444444444444444444444444444444444444444444444444444444
5555555555555555555555555555555555555555555550000000555555555555
5555555555555555555555555555555555555555555500999990055555555555
5555555555555555555555555555555555555555555009999999005555555555
5555555555555555555555555555555555555555555099999999905555555555
5555555555555555555555555555555555555555555099933399905555555555
5555555555555555555555555555555555555555555099933399905555555555
5555555555555555555555555555555555555555555099933399905555555555
5555555555555555555555555555555555555555555099399999905555555555
5555555555555555555555555555555555555555555009999999005555555555
5555555555555555555555555555555555555555555500999990055555555555
5555555555555555555555555555555555555555555550000000555555555555
5555555555555555555555555555555555555555553555555555555555555555
5555555555555555555555555555555555555555555555555555555555555555
5555555555555555555555555555555555555555355555555555555555555555
5555555555555555555555555555555555555555555555555555555555555555
5555555555555555555555555555555555555535555555555555555555555555
5555555555555555555555555555555555555555555555555555555555555555
5555555555555555555555555555555555553555555555555555555555555555
5555555555555555555555555555555555555555555555555555555555555555
5555555555555555555555555555555555355555555555555555555555555555
5555555555555555555555555555555555555555555555555555555555555555
5555555555555555555555555555555535555555555555555555555555555555
5555555555555555555555555555555555555555555555555555555555555555
5555555555555555555555555555553555555555555555555555555555555555
5555555555555555555555555555555555555555555555555555555555555555
5555555555555555555555555555355555555555555555555555555555555555
5555555555555555555555555555555555555555555555555555555555555555
5555555555555555555555555535555555555555555555555555555555555555
5555555555555555555555555555555555555555555555555555555555555555
5555555555555555555555553555555555555555555555555555555555555555
5555555555555555555555555555555555555555555555555555555555555555
5555555555555555555555355555555555555555555555555555555555555555
5555555555555555555555555555555555555555555555555555555555555555
5555555555555555555535555555555555555555555555555555555555555555
5555555555555555555555555555555555555555555555555555555555555555
5555555555555555553555555555555555555555555555555555555555555555
5555555555555555555555555555555555555555555555555555555555555555
5555555555555555355555555555555555555555555555555555555555555555
5555555555555555555555555555555555555555555555555555555555555555
5555555555555535555555555555555555555555555555555555555555555555
5555555555555555555555555555555555555555555555555555555555555555
5555555555553555555555555555555555555555555555555555555555555555
5555555555055555555555555555555555555555555555555555555555555555
5555555550005555555555555555555555555555555555555555555555555555
5555555555055555555555555555555555555555555555555555555555555555
5555555535555555555555555555555555555555555555555555555555555555
5555555555555555555555555555555555555555555555555555555555555555
5555553555555555555555555555555555555555555555555555555555555555
555FFF5555555555555555555555555555555555555555555555555555555555
555FFF5555555555555555555555555555555555555555555555555555555555
555FFF5555555555555555555555555555555555555555555555555555555555
5555555555555555555555555555555555555555555555555555555555555555
5555555555555555555555555555555555555555555555555555555555555555
0000000000000000000000000000000000000000000000000000000000000000
