4444444444444444444444444444444444444444444444444444444444444444
4444444444444444444444444444444444444444444444444444444444444444
4444444444444444444444444444444444444444444444444444444444444444
4444444444444444444444444444444444444444444444444444444444444444
444444444444444444444444444444FFF4444444444444444444444444444444
444444444444444444444444444444FFF4444444444444444444444444444444
444444444444444444444444444444FFF4444444444444444444444444444444
4444444444444444444444444444444444444444444444000004444444444444
4444444444444444444444444444444444444444444400444440044444444444
4444444444444444444444444444444444444444440044444444400444444444
5555555555555555555555555555555555555555550555555555550555555555
5555555555555555555555555555555555555555505555999995555055555555
5555555555555555555555555555555555555555505559999999555055555555
5555555555555555555555555555555555555555055599999999955505555555
5555555555555555555555555555555555555555055599933399955505555555
5555555555555555555555555555555555555555055599933399955505555555
5555555555555555555555555555555555555555055599933399955505555555
5555555555555555555555555555555555555555055599399999955505555555
5555555555555555555555555555555555555555505559999999555055555555
5555555555555555555555555555555555555555505535999995555055555555
5555555555555555555555555555555555555555550555555555550555555555
5555555555555555555555555555555555555555550055555555500555555555
5555555555555555555555555555555555555555555500555550055555555555
5555555555555555555555555555555555555555355555000005555555555555
5555555555555555555555555555555555555555555555555555555555555555
5555555555555555555555555555555555555535555555555555555555555555
5555555555555555555555555555555555555555555555555555555555555555
5555555555555555555555555555555555553555555555555555555555555555
5555555555555555555555555555555555555555555555555555555555555555
5555555555555555555555555555555555355555555555555555555555555555
5555555555555555555555555555555555555555555555555555555555555555
5555555555555555555555555555555535555555555555555555555555555555
5555555555555555555555555555555555555555555555555555555555555555
5555555555555555555555555555553555555555555555555555555555555555
5555555555555555555555555555555555555555555555555555555555555555
5555555555555555555555555555355555555555555555555555555555555555
5555555555555555555555555555555555555555555555555555555555555555
5555555555555555555555555535555555555555555555555555555555555555
5555555555555555555555555555555555555555555555555555555555555555
5555555555555555555555553555555555555555555555555555555555555555
5555555555555555555555555555555555555555555555555555555555555555
5555555555555555555555355555555555555555555555555555555555555555
5555555555555555555555555555555555555555555555555555555555555555
5555555555555555555535555555555555555555555555555555555555555555
5555555555555555555555555555555555555555555555555555555555555555
5555555555555555553555555555555555555555555555555555555555555555
5555555555555555555555555555555555555555555555555555555555555555
5555555555555555355555555555555555555555555555555555555555555555
5555555555555555555555555555555555555555555555555555555555555555
5555555555555535555555555555555555555555555555555555555555555555
5555555555555555555555555555555555555555555555555555555555555555
5555555555553555555555555555555555555555555555555555555555555555
5555555555055555555555555555555555555555555555555555555555555555
5555555550005555555555555555555555555555555555555555555555555555
5555555555055555555555555555555555555555555555555555555555555555
5555555535555555555555555555555555555555555555555555555555555555
5555555555555555555555555555555555555555555555555555555555555555
5555553555555555555555555555555555555555555555555555555555555555
555FFF5555555555555555555555555555555555555555555555555555555555
555FFF5555555555555555555555555555555555555555555555555555555555
555FFF5555555555555555555555555555555555555555555555555555555555
5555555555555555555555555555555555555555555555555555555555555555
5555555555555555555555555555555555555555555555555555555555555555
0000000000000000000000000000000000000000000000000000000000000000
