4444444444444444444444444444444444444444444444444444444444444444
4444444444444444444444444444444444444444444444444444444444444444
4444444444444444444444444444444444444444444444444444444444444444
4444444444444444444444444444444444444444444444444444444444444444
444444444444444444444444444444FFF4444444444444444444444444444444
444444444444444444444444444444FFF4444444444444444444444444444444
444444444444444444444444444444FFF4444444444444444444444444444444
4444444444444444444444444444444444444444444444444444444444444444
4444444444444444444444444444444444444444444444444444444444444444
4444444444444444444444444444444444444444444444444444444444444444
5555555555555555555555555555555555555555555555555555555555555555
5555555555555555555555555555555555555555555555999995555555555555
5555555555555555555555555555555555555555555559999999555555555555
5555555555555555555555555555555555555555555599999999955555555555
5555555555555555555555555555555555555555555599933399955555555555
5555555555555555555555555555555555555555555599930399955555555555
5555555555555555555555555555555555555555555599933399955555555555
5555555555555555555555555555555555555555555599399999955555555555
5555555555555555555555555555555555555555555559999999555555555555
5555555555555555555555555555555555555555555535999995555555555555
5555555555555555555555555555555555555555555555555555555555555555
5555555555555555555555555555555555555555553555555555555555555555
5555555555555555555555555555555555555555555555555555555555555555
5555555555555555555555555555555555555555355555555555555555555555
5555555555555555555555555555555555555555555555555555555555555555
5555555555555555555555555555555555555535555555555555555555555555
5555555555555555555555555555555555555555555555555555555555555555
5555555555555555555555555555555555553555555555555555555555555555
5555555555555555555555555555555555555555555555555555555555555555
5555555555555555555555555555555555355555555555555555555555555555
5555555555555555555555555555555555555555555555555555555555555555
5555555555555555555555555555555535555555555555555555555555555555
5555555555555555555555555555555555555555555555555555555555555555
5555555555555555555555555555553555555555555555555555555555555555
5555555555555555555555555555555555555555555555555555555555555555
5555555555555555555555555555355555555555555555555555555555555555
5555555555555555555555555555555555555555555555555555555555555555
5555555555555555555555555535555555555555555555555555555555555555
5555555555555555555555555555555555555555555555555555555555555555
5555555555555555555555553555555555555555555555555555555555555555
5555555555555555555555555555555555555555555555555555555555555555
5555555555555555555555355555555555555555555555555555555555555555
5555555555555555555555555555555555555555555555555555555555555555
5555555555555555555535555555555555555555555555555555555555555555
5555555555555555555555555555555555555555555555555555555555555555
5555555555555555553555555555555555555555555555555555555555555555
5555555555555555555555555555555555555555555555555555555555555555
5555555555555555355555555555555555555555555555555555555555555555
5555555555555555555555555555555555555555555555555555555555555555
5555555555555535555555555555555555555555555555555555555555555555
5555555555555555555555555555555555555555555555555555555555555555
5555555555553555555555555555555555555555555555555555555555555555
5555555555055555555555555555555555555555555555555555555555555555
5555555550005555555555555555555555555555555555555555555555555555
5555555555055555555555555555555555555555555555555555555555555555
5555555535555555555555555555555555555555555555555555555555555555
5555555555555555555555555555555555555555555555555555555555555555
5555553555555555555555555555555555555555555555555555555555555555
555FFF5555555555555555555555555555555555555555555555555555555555
555FFF5555555555555555555555555555555555555555555555555555555555
555FFF5555555555555555555555555555555555555555555555555555555555
5555555555555555555555555555555555555555555555555555555555555555
5555555555555555555555555555555555555555555555555555555555555555
0000000000000000000000000000000000000000000000000000000000000000
